function [ tabx ] = KSC()
tabx = [0.00730,  -10.12999,  5.79596;...
       0.10556,   -3.97281,   2.61369;...
       0.00002,   -8.56686,   5.17950;...
       0.04395,   2.77786,    0.16735;...
       0.34001,   0.61942,    0.64009;...
       0.24566,   1.79518,    0.34023;...
       0.25750,   -1.08819,   1.26261];
%this is the table from KSC, 7 normals; first row is probability, second mean, third
%variance


end

